Serial No. Radius     Area            Perimeter      
1          3          28.27           18.85          
2          5          78.54           31.42          
3          7          153.94          43.98          
4          10         314.16          62.83          
5          12         452.39          75.40          
6          15         706.86          94.25          
7          18         1017.88         113.10         
8          20         1256.64         125.66         
9          25         1963.50         157.08         
10         30         2827.43         188.50         
11         35         3848.45         219.91         
12         40         5026.55         251.33         
13         45         6361.73         282.74         
14         50         7853.98         314.16         
15         55         9503.32         345.58         
16         60         11309.73        376.99         
17         65         13273.23        408.41         
18         70         15393.80        439.82         
19         75         17671.46        471.24         
20         80         20106.19        502.65         
21         85         22698.01        534.07         
22         90         25446.90        565.49         
23         95         28352.87        596.90         
24         100        31415.93        628.32         
25         105        34636.06        659.73         
